# Position in slit pore(nm)	Cl	HOH	Na
8.379999995231628418e-01 0.000000000000000000e+00 0.000000000000000000e+00 0.000000000000000000e+00
8.529899716377258301e-01 0.000000000000000000e+00 0.000000000000000000e+00 0.000000000000000000e+00
8.679800033569335938e-01 0.000000000000000000e+00 0.000000000000000000e+00 0.000000000000000000e+00
8.829699754714965820e-01 0.000000000000000000e+00 0.000000000000000000e+00 0.000000000000000000e+00
8.979600071907043457e-01 0.000000000000000000e+00 0.000000000000000000e+00 0.000000000000000000e+00
9.129499793052673340e-01 0.000000000000000000e+00 0.000000000000000000e+00 0.000000000000000000e+00
9.279400110244750977e-01 0.000000000000000000e+00 0.000000000000000000e+00 0.000000000000000000e+00
9.429299831390380859e-01 0.000000000000000000e+00 0.000000000000000000e+00 0.000000000000000000e+00
9.579200148582458496e-01 0.000000000000000000e+00 0.000000000000000000e+00 0.000000000000000000e+00
9.729099869728088379e-01 0.000000000000000000e+00 0.000000000000000000e+00 0.000000000000000000e+00
9.879000186920166016e-01 0.000000000000000000e+00 0.000000000000000000e+00 0.000000000000000000e+00
1.002889990806579590e+00 0.000000000000000000e+00 0.000000000000000000e+00 0.000000000000000000e+00
1.017879962921142578e+00 0.000000000000000000e+00 0.000000000000000000e+00 0.000000000000000000e+00
1.032870054244995117e+00 0.000000000000000000e+00 0.000000000000000000e+00 0.000000000000000000e+00
1.047860026359558105e+00 0.000000000000000000e+00 0.000000000000000000e+00 0.000000000000000000e+00
1.062849998474121094e+00 0.000000000000000000e+00 0.000000000000000000e+00 0.000000000000000000e+00
1.077839970588684082e+00 0.000000000000000000e+00 0.000000000000000000e+00 0.000000000000000000e+00
1.092829942703247070e+00 0.000000000000000000e+00 1.772861043151437443e-01 0.000000000000000000e+00
1.107820034027099609e+00 0.000000000000000000e+00 1.329645782363578199e+01 0.000000000000000000e+00
1.122810006141662598e+00 0.000000000000000000e+00 8.101974967202069422e+01 1.772861043151437443e-01
1.137799978256225586e+00 0.000000000000000000e+00 2.077793142573484602e+02 1.772861043151437443e-01
1.152789950370788574e+00 0.000000000000000000e+00 2.599014289260007331e+02 3.545722086302874887e-01
1.167780041694641113e+00 0.000000000000000000e+00 2.503279792929829739e+02 1.418288834521149955e+00
1.182770013809204102e+00 1.772861043151437443e-01 1.969648618941247094e+02 2.659291564727156221e+00
1.197759985923767090e+00 3.545722086302874887e-01 1.407651668262241458e+02 2.482005460412012532e+00
1.212749958038330078e+00 3.545722086302874887e-01 9.077048540935359711e+01 3.545722086302875109e+00
1.227740049362182617e+00 1.595574938836293644e+00 7.499202212530580880e+01 3.191149877672587287e+00
1.242730021476745605e+00 1.595574938836293644e+00 5.371768960748855903e+01 3.013863773357443598e+00
1.257719993591308594e+00 1.595574938836293644e+00 4.272595113994964322e+01 2.304719356096868843e+00
1.272709965705871582e+00 3.723008190618018798e+00 3.350707371556217140e+01 4.609438712193737686e+00
1.287700057029724121e+00 2.482005460412012532e+00 3.244335708967130927e+01 5.495869233769456130e+00
1.302690029144287109e+00 2.659291564727156221e+00 3.226607098535616558e+01 7.446016381236037596e+00
1.317680001258850098e+00 4.964010920824025064e+00 2.499734070843526723e+01 8.332446902811756928e+00
1.332669973373413086e+00 4.077580399248306620e+00 2.907492110768357563e+01 6.736871963975462840e+00
1.347659945487976074e+00 5.850441442399743508e+00 3.084778215083501252e+01 5.850441442399743508e+00
1.362650036811828613e+00 6.559585859660319151e+00 3.705279580186504518e+01 5.141297025139168753e+00
1.377640008926391602e+00 7.268730276920893907e+00 5.105839804276139660e+01 4.609438712193737686e+00
1.392629981040954590e+00 8.687019111442044306e+00 7.109172783037264765e+01 4.964010920824025064e+00
1.407619953155517578e+00 1.028259405027833751e+01 9.077048540935359711e+01 4.077580399248306620e+00
1.422610044479370117e+00 9.928021841648050128e+00 1.139949650746374346e+02 4.432152607878593997e+00
1.437600016593933105e+00 1.506931886678721888e+01 1.008757933553167874e+02 5.850441442399743508e+00
1.452589988708496094e+00 1.453746055384178781e+01 9.786192958195934466e+01 6.382299755345174574e+00
1.467579960823059082e+00 1.950147147466581288e+01 8.119703577633583791e+01 6.914158068290606529e+00
1.482570052146911621e+00 1.542389107541750626e+01 7.410559160373009036e+01 6.559585859660319151e+00
1.497560024261474609e+00 1.506931886678721888e+01 6.559585859660319329e+01 7.268730276920893907e+00
1.512549996376037598e+00 1.241002730206006177e+01 5.619969506790057068e+01 1.081445236322376857e+01
1.527539968490600586e+00 1.063716625890862488e+01 4.538524270467679855e+01 1.294188561500549284e+01
1.542529940605163574e+00 9.750735737332906439e+00 4.361238166152536166e+01 2.003332978761124394e+01
1.557520031929016113e+00 7.268730276920893907e+00 4.432152607878593642e+01 2.145161862213239345e+01
1.572510004043579102e+00 8.687019111442044306e+00 4.166223451405878109e+01 2.304719356096868665e+01
1.587499976158142090e+00 7.800588589866324973e+00 4.130766230542849371e+01 2.606105733432613292e+01
1.602489948272705078e+00 8.864305215757187995e+00 4.325780945289507429e+01 2.730206006453213874e+01
1.617480039596557617e+00 9.750735737332906439e+00 3.988937347090734420e+01 1.631032159699322648e+01
1.632470011711120605e+00 1.045988015459348119e+01 4.928553699960995971e+01 1.453746055384178781e+01
1.647459983825683594e+00 1.187816898911463070e+01 4.999468141687053446e+01 9.041591320072331683e+00
1.662449955940246582e+00 1.400560224089635675e+01 6.382299755345174930e+01 6.736871963975462840e+00
1.677440047264099121e+00 1.577846328404779364e+01 7.463744991667552142e+01 7.091444172605750218e+00
1.692430019378662109e+00 1.666489380562351386e+01 8.119703577633583791e+01 5.850441442399743508e+00
1.707419991493225098e+00 1.666489380562351386e+01 9.591178243449276408e+01 6.027727546714887197e+00
1.722409963607788086e+00 1.808318264014466337e+01 1.092082402581285550e+02 7.623302485551181285e+00
1.737400054931640625e+00 1.453746055384178781e+01 1.035350849200439427e+02 7.446016381236037596e+00
1.752390027046203613e+00 1.134631067616919964e+01 8.988405488777787866e+01 4.964010920824025064e+00
1.767379999160766602e+00 9.396163528702619061e+00 7.339644718646951560e+01 5.850441442399743508e+00
1.782369971275329590e+00 7.623302485551181285e+00 5.336311739885827166e+01 6.914158068290606529e+00
1.797359943389892578e+00 5.673155338084599819e+00 3.616636528028932673e+01 6.736871963975462840e+00
1.812350034713745117e+00 5.318583129454312441e+00 3.137964046378044358e+01 6.205013651030030886e+00
1.827340006828308105e+00 3.900294294933162487e+00 2.942949331631386301e+01 7.091444172605750218e+00
1.842329978942871094e+00 4.077580399248306620e+00 2.730206006453213874e+01 6.559585859660319151e+00
1.857319951057434082e+00 2.127433251781725154e+00 2.712477396021699505e+01 8.864305215757187995e+00
1.872310042381286621e+00 2.304719356096868843e+00 3.173421267241073096e+01 5.141297025139168753e+00
1.887300014495849609e+00 3.368435981987731420e+00 3.492536255008332091e+01 4.254866503563450308e+00
1.902289986610412598e+00 1.241002730206006266e+00 3.918022905364676944e+01 3.191149877672587287e+00
1.917279958724975586e+00 1.595574938836293644e+00 5.690883948516114543e+01 3.368435981987731420e+00
1.932270050048828125e+00 1.241002730206006266e+00 7.516930822962095249e+01 3.013863773357443598e+00
1.947260022163391113e+00 8.864305215757187772e-01 1.037123710243590864e+02 1.950147147466581243e+00
1.962249994277954102e+00 7.091444172605749774e-01 1.391695918873878384e+02 2.304719356096868843e+00
1.977239966392517090e+00 1.772861043151437443e-01 1.959011452682338472e+02 2.836577669042299910e+00
1.992230057716369629e+00 0.000000000000000000e+00 2.427046768074317811e+02 1.241002730206006266e+00
2.007220029830932617e+00 0.000000000000000000e+00 2.588377123001098994e+02 5.318583129454312886e-01
2.022209882736206055e+00 0.000000000000000000e+00 2.037017338581001695e+02 1.772861043151437443e-01
2.037199974060058594e+00 0.000000000000000000e+00 7.853774421160868258e+01 3.545722086302874887e-01
2.052190065383911133e+00 0.000000000000000000e+00 1.666489380562351386e+01 0.000000000000000000e+00
2.067179918289184570e+00 0.000000000000000000e+00 0.000000000000000000e+00 0.000000000000000000e+00
2.082170009613037109e+00 0.000000000000000000e+00 0.000000000000000000e+00 0.000000000000000000e+00
2.097160100936889648e+00 0.000000000000000000e+00 0.000000000000000000e+00 0.000000000000000000e+00
2.112149953842163086e+00 0.000000000000000000e+00 0.000000000000000000e+00 0.000000000000000000e+00
2.127140045166015625e+00 0.000000000000000000e+00 0.000000000000000000e+00 0.000000000000000000e+00
2.142129898071289062e+00 0.000000000000000000e+00 0.000000000000000000e+00 0.000000000000000000e+00
2.157119989395141602e+00 0.000000000000000000e+00 0.000000000000000000e+00 0.000000000000000000e+00
2.172110080718994141e+00 0.000000000000000000e+00 0.000000000000000000e+00 0.000000000000000000e+00
2.187099933624267578e+00 0.000000000000000000e+00 0.000000000000000000e+00 0.000000000000000000e+00
2.202090024948120117e+00 0.000000000000000000e+00 0.000000000000000000e+00 0.000000000000000000e+00
2.217080116271972656e+00 0.000000000000000000e+00 0.000000000000000000e+00 0.000000000000000000e+00
2.232069969177246094e+00 0.000000000000000000e+00 0.000000000000000000e+00 0.000000000000000000e+00
2.247060060501098633e+00 0.000000000000000000e+00 0.000000000000000000e+00 0.000000000000000000e+00
2.262049913406372070e+00 0.000000000000000000e+00 0.000000000000000000e+00 0.000000000000000000e+00
2.277040004730224609e+00 0.000000000000000000e+00 0.000000000000000000e+00 0.000000000000000000e+00
2.292030096054077148e+00 0.000000000000000000e+00 0.000000000000000000e+00 0.000000000000000000e+00
2.307019948959350586e+00 0.000000000000000000e+00 0.000000000000000000e+00 0.000000000000000000e+00
2.322010040283203125e+00 0.000000000000000000e+00 0.000000000000000000e+00 0.000000000000000000e+00
